2017-02-22 22:00:18 -0.01824920 -0.00084946 -0.10044560 -0.00001600 0.00314284 0.00004455 0.00161709 0.00006626
2017-02-24 03:25:34 -0.01012559 -0.00102624 -0.11411640 0.00006657 0.00149999 0.00007555 0.00266017 0.00005382
2017-02-25 02:15:16 -0.01616341 -0.00122393 -0.09395565 0.00020762 0.00709462 0.00013403 0.00436078 0.00015369
2017-02-25 11:30:54 -0.02556717 -0.00132304 -0.08282905 0.00032155 0.00581492 0.00019737 0.00879452 0.00021591
2017-02-26 02:18:05 -0.02483373 -0.00083372 -0.11045600 0.00010708 0.00553604 0.00008797 0.00277728 0.00010739
2017-02-26 09:21:19 -0.02722906 -0.00096598 -0.11644800 0.00006884 0.00460166 0.00008478 0.00413371 0.00009330
2017-02-26 17:50:34 -0.03327319 -0.00112095 -0.11680690 0.00003271 0.00305883 0.00018280 0.00441269 0.00014429
2017-02-27 02:18:34 -0.04867269 -0.00090435 -0.09880292 -0.00000283 0.01026157 0.00031389 0.00821051 0.00020402
2017-02-27 07:50:30 -0.03637557 -0.00110676 -0.11302300 -0.00003184 0.00403800 0.00014857 0.00239409 0.00008052
2017-02-28 08:22:47 -0.03687831 -0.00141039 -0.10485910 0.00037752 0.00442571 0.00012872 0.00286316 0.00016937
2017-02-28 18:56:38 -0.03646297 -0.00216553 -0.11918680 -0.00018346 0.00737014 0.00049227 0.00814838 0.00030112
2017-02-28 21:56:46 -0.03776877 -0.00088309 -0.11128980 0.00004123 0.00623886 0.00016205 0.00278514 0.00013154
2017-03-01 09:48:26 -0.08794513 0.00008263 -0.09671766 0.00026711 0.00858491 0.00033957 0.00987544 0.00034671
2017-03-01 23:01:58 -0.04700474 -0.00090066 -0.10811450 -0.00013924 0.00765608 0.00019764 0.00563650 0.00015036
2017-03-02 09:59:32 -0.04610203 -0.00000640 -0.10798090 -0.00004725 0.00387019 0.00024897 0.00693737 0.00016138
2017-03-02 14:04:43 -0.03862524 -0.00061618 -0.09837376 0.00010544 0.00258455 0.00010302 0.00400963 0.00016465
2017-03-02 21:48:34 -0.04501748 -0.00100257 -0.10903260 0.00032742 0.00441532 0.00011520 0.00213914 0.00014972
2017-03-03 08:09:03 -0.04562033 -0.00113453 -0.09767035 0.00004597 0.00237021 0.00021373 0.00341135 0.00013288
2017-03-03 21:14:46 -0.04342313 -0.00102378 -0.09808870 -0.00000475 0.00466538 0.00009558 0.00310074 0.00009868
2017-03-04 06:05:43 -0.05040017 -0.00053954 -0.09634808 -0.00009529 0.00372218 0.00012270 0.00374032 0.00023742
2017-03-04 13:08:46 -0.03920003 -0.00078059 -0.10929590 0.00001830 0.00706615 0.00016584 0.00309220 0.00014603
2017-03-04 19:22:30 -0.03745869 -0.00074368 -0.10031440 0.00003225 0.00381443 0.00026419 0.00287806 0.00012071
2017-03-05 11:23:35 -0.07535356 -0.00139583 -0.10257390 0.00055809 0.00431275 0.00036403 0.00654213 0.00018461
2017-03-06 08:48:29 -0.04922605 -0.00121696 -0.08181068 0.00035550 0.00425296 0.00024897 0.00321744 0.00019514
2017-03-06 18:30:12 -0.09225479 -0.00051754 -0.10152280 0.00013264 0.00822257 0.00031234 0.00444059 0.00023420
2017-03-06 23:07:28 -0.08628180 -0.00084636 -0.10791750 -0.00024246 0.00329757 0.00020112 0.00446224 0.00019543
2017-03-07 09:41:31 -0.08427734 -0.00066339 -0.09314241 0.00037711 0.00638082 0.00011630 0.00290764 0.00011687
2017-03-07 19:40:11 -0.08791437 -0.00029495 -0.10201320 0.00028554 0.00722667 0.00028759 0.00891850 0.00035462
2017-03-08 02:58:32 -0.06471096 -0.00105506 -0.09846789 -0.00014113 0.00402037 0.00016409 0.00353643 0.00011424
2017-03-08 21:20:17 -0.05710472 -0.00077322 -0.09536859 0.00028327 0.00406524 0.00009961 0.00464232 0.00010083
2017-03-09 06:53:51 -0.08088974 -0.00072075 -0.09244765 0.00060390 0.00516330 0.00018261 0.00854484 0.00019286
2017-03-10 10:06:27 -0.06596570 -0.00121831 -0.10597380 -0.00004204 0.00239009 0.00021135 0.00331640 0.00012084
2017-03-11 00:23:34 -0.07607437 -0.00082498 -0.10839110 -0.00012544 0.00594698 0.00013058 0.00292970 0.00010168
2017-03-11 13:50:29 -0.07632872 -0.00079534 -0.10861000 0.00031157 0.00317379 0.00012848 0.00427885 0.00021781
2017-03-12 00:11:45 -0.09524215 -0.00094476 -0.10968170 -0.00039925 0.00542211 0.00012564 0.00347805 0.00015491
2017-03-12 11:17:40 -0.08435345 -0.00120872 -0.12727140 0.00047640 0.00357299 0.00010525 0.00330649 0.00023745
2017-03-12 22:41:04 -0.09013057 -0.00073155 -0.12617040 0.00052349 0.00518065 0.00014016 0.00481986 0.00011846
2017-03-13 07:43:03 -0.07504133 -0.00101276 -0.11381840 0.00005105 0.00366153 0.00019195 0.00401837 0.00015264
2017-03-13 19:42:38 -0.08374334 -0.00096318 -0.10340980 0.00051017 0.01183721 0.00022233 0.00560215 0.00017137
2017-03-14 15:46:54 -0.06433234 -0.00091780 -0.07571629 -0.00001336 0.00421721 0.00015044 0.00392917 0.00012645
2017-03-15 02:14:05 -0.06833845 -0.00145533 -0.10339700 -0.00030107 0.00454095 0.00022226 0.00282311 0.00012512
2017-03-15 08:36:18 -0.07463370 -0.00063555 -0.10481120 -0.00014652 0.00440209 0.00011833 0.00315037 0.00008553
2017-03-16 00:40:17 -0.07669318 -0.00065758 -0.11903050 0.00043149 0.00396529 0.00014406 0.00295978 0.00028468
2017-03-16 06:57:58 -0.10016310 -0.00090841 -0.11533710 0.00059542 0.00341307 0.00012020 0.00412753 0.00026591
2017-03-16 20:03:13 -0.10256870 -0.00062473 -0.10986700 -0.00002052 0.00345710 0.00017969 0.00267096 0.00018095
2017-03-17 05:07:41 -0.10933530 -0.00078931 -0.13114730 0.00016273 0.00469046 0.00013139 0.00436311 0.00013372
2017-03-17 19:36:04 -0.11920950 -0.00067859 -0.13208030 0.00060471 0.00436697 0.00022186 0.00304400 0.00012546
2017-03-18 05:18:40 -0.12162250 0.00028684 -0.12996660 0.00013313 0.01250184 0.00024261 0.00825258 0.00026239
2017-03-18 09:44:14 -0.11063920 -0.00071919 -0.16470911 0.00031960 0.00881277 0.00023797 0.00563181 0.00039670
2017-03-18 20:16:14 -0.12336840 -0.00110590 -0.14488360 0.00031654 0.00352474 0.00017675 0.00661142 0.00013033
2017-03-19 06:36:18 -0.13448110 -0.00066617 -0.13946550 -0.00005374 0.00333441 0.00017220 0.00544976 0.00015594
2017-03-19 16:55:34 -0.14569370 0.00007335 -0.14807460 -0.00021167 0.00437256 0.00015981 0.00538228 0.00018956
2017-03-20 03:10:00 -0.12690219 -0.00154160 -0.14461210 0.00001786 0.00385333 0.00021399 0.00464029 0.00014435
2017-03-20 13:10:43 -0.11273450 0.00006878 -0.15120040 -0.00062344 0.00906854 0.00038716 0.00984618 0.00039967
2017-03-20 16:24:39 -0.12617640 -0.00029827 -0.12892669 0.00018878 0.00300045 0.00015554 0.00608093 0.00010831
2017-03-21 03:00:12 -0.08656489 -0.00076848 -0.12588640 -0.00044471 0.00472816 0.00014226 0.00740717 0.00018317
2017-03-21 11:40:48 -0.10665050 -0.00057481 -0.11957700 -0.00009704 0.00455853 0.00011432 0.00316151 0.00020030
2017-03-21 22:04:24 -0.12215040 -0.00053001 -0.11619540 -0.00022921 0.00572619 0.00015629 0.00583408 0.00015208
2017-03-22 05:20:55 -0.11691250 -0.00054124 -0.13091530 0.00027010 0.00720891 0.00020535 0.00343123 0.00013059
2017-03-23 02:04:45 -0.11751260 -0.00089945 -0.14140730 -0.00001727 0.00310932 0.00015288 0.00519405 0.00011331
2017-03-23 21:36:47 -0.08751579 -0.00062417 -0.13868549 0.00002344 0.00268991 0.00016486 0.00438611 0.00018415
2017-03-24 07:55:54 -0.09635559 -0.00083346 -0.13290220 0.00022085 0.00317261 0.00020531 0.00298187 0.00017324
2017-03-24 17:46:19 -0.10388100 -0.00101811 -0.13582470 0.00000726 0.00577266 0.00011673 0.00370688 0.00013500
2017-03-25 05:26:22 -0.08512803 -0.00066769 -0.12279860 0.00003086 0.00855297 0.00019752 0.00400160 0.00015882
2017-03-25 11:23:37 -0.09415677 -0.00070873 -0.14326701 -0.00023857 0.00532915 0.00018599 0.00300545 0.00012421
2017-03-25 22:31:16 -0.08524483 -0.00074466 -0.12203720 -0.00018272 0.00522606 0.00018937 0.00312826 0.00013043
2017-03-26 08:37:30 -0.11598590 -0.00087459 -0.14168070 0.00007523 0.00389385 0.00013151 0.00631502 0.00010759
2017-03-26 17:27:19 -0.10134110 -0.00065545 -0.15255740 0.00006732 0.00517648 0.00009271 0.00242511 0.00012430
2017-03-27 08:14:56 -0.07771194 -0.00104849 -0.13719539 0.00038722 0.00481159 0.00040154 0.00526280 0.00025281
2017-03-27 12:08:52 -0.09576361 -0.00066464 -0.13713931 0.00007154 0.00463798 0.00018858 0.00337177 0.00018078
2017-03-28 05:08:13 -0.10133330 -0.00082807 -0.12542631 -0.00003447 0.00595164 0.00009229 0.00274356 0.00007983
2017-03-28 16:58:37 -0.10918870 -0.00043437 -0.13893761 -0.00051388 0.00366264 0.00013203 0.00443470 0.00018474
2017-03-29 02:51:59 -0.12029300 -0.00083884 -0.13982210 0.00017746 0.00343327 0.00020548 0.00320906 0.00009712
2017-03-29 21:45:01 -0.12926041 -0.00090553 -0.11294800 0.00026060 0.01270169 0.00020121 0.00766915 0.00022858
2017-03-30 06:01:55 -0.13265790 -0.00097558 -0.13670529 -0.00023575 0.00326316 0.00017360 0.00533350 0.00016237
2017-03-30 23:10:35 -0.09397902 -0.00096707 -0.14642890 0.00008518 0.00377446 0.00012864 0.00287984 0.00016198
2017-03-31 09:59:21 -0.11624000 -0.00043437 -0.13770489 0.00082377 0.00588792 0.00037726 0.00535950 0.00017653
2017-03-31 19:22:51 -0.12469250 -0.00060998 -0.14921179 0.00045938 0.00520780 0.00009342 0.00528574 0.00010402
2017-04-01 05:04:25 -0.12685700 -0.00094502 -0.12707190 0.00044032 0.00603767 0.00017340 0.00488662 0.00010171
2017-04-01 14:14:54 -0.09366364 -0.00092842 -0.12312840 0.00077060 0.00847314 0.00017942 0.00427541 0.00014576
2017-04-01 20:30:00 -0.09072052 -0.00073203 -0.12729611 -0.00028237 0.00322031 0.00016912 0.00399746 0.00014639
2017-04-02 06:42:06 -0.13068689 -0.00089907 -0.12461620 -0.00048363 0.00810608 0.00016834 0.00463848 0.00012375
2017-04-02 15:25:23 -0.09856252 -0.00045625 -0.14444660 0.00009736 0.00761690 0.00011402 0.00331702 0.00011067
2017-04-03 02:00:14 -0.11112700 -0.00056871 -0.13066390 -0.00019917 0.00356194 0.00012957 0.00433566 0.00020697
2017-04-03 11:27:05 -0.13434200 -0.00032404 -0.14522040 -0.00036540 0.00342383 0.00021112 0.00320438 0.00011961
2017-04-04 15:50:07 -0.13547190 -0.00052507 -0.13078029 -0.00003474 0.00508072 0.00011017 0.00686085 0.00010447
2017-04-05 00:59:54 -0.13994950 -0.00042185 -0.15636940 -0.00033533 0.00287623 0.00011991 0.00358925 0.00014194
2017-04-06 01:32:30 -0.11834690 -0.00084112 -0.13960350 0.00036376 0.00926469 0.00018052 0.00639477 0.00020499
2017-04-06 06:33:31 -0.12971900 -0.00020014 -0.13806860 0.00068377 0.00468069 0.00037434 0.00460945 0.00018643
2017-04-07 05:10:55 -0.12826820 -0.00117909 -0.12701370 0.00030981 0.00767589 0.00027892 0.00575189 0.00021397
2017-04-07 20:26:53 -0.13690279 -0.00078670 -0.13345630 0.00012302 0.00564530 0.00009462 0.00501071 0.00012441
2017-04-08 05:47:32 -0.13815729 -0.00081865 -0.14971291 0.00005043 0.00339707 0.00009361 0.00467145 0.00017754
2017-04-08 15:47:14 -0.16622970 -0.00051032 -0.14411800 0.00021638 0.00381751 0.00011066 0.00381511 0.00023982
2017-04-09 01:03:46 -0.12166930 -0.00143483 -0.12340370 0.00077441 0.00673225 0.00020631 0.00973730 0.00022403
2017-04-09 05:41:25 -0.14404260 -0.00052963 -0.15407300 0.00004959 0.00460132 0.00011145 0.00512803 0.00014554
2017-04-09 15:17:03 -0.14557870 -0.00046527 -0.15839070 0.00001815 0.00410973 0.00024035 0.00416491 0.00014423
2017-04-10 02:39:22 -0.15215600 -0.00079321 -0.16054930 -0.00020236 0.00615035 0.00015044 0.00495340 0.00012123
2017-04-10 11:55:48 -0.16074470 -0.00086347 -0.16303110 0.00068874 0.00615737 0.00025392 0.01030057 0.00025844
2017-04-10 18:06:52 -0.12625650 -0.00058781 -0.15403961 0.00000772 0.00473726 0.00012952 0.00322627 0.00016528
2017-04-11 04:17:20 -0.16576800 -0.00065111 -0.19680420 0.00060024 0.00589893 0.00014852 0.00851826 0.00015629
2017-04-11 11:31:32 -0.13621920 0.00007628 -0.11723130 0.00046456 0.00613448 0.00017752 0.01057514 0.00015468
2017-04-11 15:50:20 -0.13781030 -0.00111526 -0.15447430 -0.00013266 0.00606762 0.00012914 0.00304491 0.00011357
2017-04-12 02:49:48 -0.15710910 -0.00094966 -0.19134270 0.00059391 0.00472065 0.00017450 0.00311766 0.00011475
2017-04-13 02:54:06 -0.06709663 -0.00144929 -0.14865319 -0.00018030 0.00723470 0.00035957 0.00953541 0.00030138
2017-04-13 07:18:31 -0.09292599 -0.00006432 -0.13480090 -0.00051281 0.00938064 0.00034718 0.00647928 0.00019583
2017-04-14 00:45:22 -0.09603269 -0.00030190 -0.15972400 0.00024995 0.00816912 0.00015842 0.00499310 0.00015954
2017-04-14 07:22:57 -0.09688696 -0.00049522 -0.15517120 0.00028206 0.00339343 0.00010201 0.00426051 0.00020964
2017-04-14 18:02:13 -0.09865686 -0.00068941 -0.14834020 0.00034577 0.00487292 0.00013646 0.00534730 0.00009619
2017-04-15 05:15:07 -0.10603150 -0.00041880 -0.14613980 0.00004469 0.00657796 0.00012077 0.00388533 0.00020375
2017-04-15 15:43:28 -0.11374290 -0.00061120 -0.12874781 0.00035293 0.00345566 0.00010836 0.00769714 0.00012096
2017-04-16 04:07:42 -0.08051054 -0.00121925 -0.14203390 0.00017112 0.01301011 0.00020252 0.00756536 0.00024389
2017-04-16 12:39:36 -0.11872230 -0.00098758 -0.14404009 0.00034163 0.00839754 0.00015918 0.00509170 0.00017227
2017-04-17 00:10:13 -0.10458900 -0.00090617 -0.14750580 0.00002588 0.00856298 0.00029155 0.00607520 0.00020786
2017-04-17 10:08:22 -0.09448809 -0.00015873 -0.13889989 -0.00058045 0.00873545 0.00036228 0.00603384 0.00019156
2017-04-18 00:08:55 -0.09702938 -0.00043751 -0.15756311 -0.00058154 0.00715489 0.00013662 0.00414745 0.00023593
2017-04-18 18:10:24 -0.08751074 -0.00016745 -0.16418570 0.00003633 0.00586884 0.00017572 0.00637305 0.00032193
2017-04-19 02:12:48 -0.09124126 -0.00051688 -0.16600180 0.00031494 0.00701727 0.00013899 0.00460842 0.00026528
2017-04-20 01:11:58 -0.09085552 -0.00011363 -0.14758161 -0.00062796 0.01029756 0.00021139 0.00930550 0.00019944
2017-04-20 07:34:08 -0.12766920 -0.00193023 -0.13199180 -0.00065676 0.01066063 0.00023936 0.00910974 0.00018110
2017-04-21 05:16:42 -0.09265813 -0.00088321 -0.12869580 -0.00003217 0.00515873 0.00012115 0.00821749 0.00012041
2017-04-21 14:15:50 -0.11608680 -0.00083113 -0.13849710 0.00009058 0.00723128 0.00020597 0.00401739 0.00015050
2017-04-22 02:31:49 -0.08505221 -0.00080532 -0.12790050 -0.00082922 0.00811246 0.00015137 0.00708634 0.00020145
2017-04-22 17:00:43 -0.08738445 -0.00083329 -0.14219630 -0.00010338 0.00640438 0.00021108 0.00387886 0.00013307
2017-04-23 01:56:42 -0.08003752 -0.00079160 -0.14109799 -0.00033964 0.00728210 0.00012956 0.00429353 0.00021524
2017-04-23 11:22:04 -0.10020020 -0.00121484 -0.15654451 -0.00022385 0.00460790 0.00021317 0.00570441 0.00016436
2017-04-23 20:38:02 -0.08895043 -0.00051035 -0.12447830 0.00062018 0.01099914 0.00016461 0.00525074 0.00018275
2017-04-24 07:28:28 -0.10516910 -0.00120340 -0.16403370 0.00059540 0.00759682 0.00035541 0.00851785 0.00032587
2017-04-24 22:10:26 -0.10036900 -0.00064187 -0.14636581 0.00046308 0.00534343 0.00013323 0.00496940 0.00020492
2017-04-25 07:55:35 -0.10318900 -0.00072655 -0.12868200 0.00068295 0.00444969 0.00014770 0.00600018 0.00028354
2017-04-27 01:17:51 -0.09084298 -0.00062977 -0.14398070 -0.00004434 0.00740938 0.00013520 0.00769945 0.00015111
2017-04-27 11:42:35 -0.10506220 -0.00119285 -0.10280650 0.00124957 0.00623048 0.00017768 0.00780349 0.00034530
2017-04-28 01:13:21 -0.07163898 -0.00073834 -0.13509730 0.00027197 0.00354802 0.00011498 0.00490227 0.00018860
2017-04-28 10:53:57 -0.07703222 -0.00053534 -0.13702939 0.00001100 0.00824376 0.00017327 0.00749261 0.00026766
2017-04-29 11:06:43 -0.07393131 -0.00082173 -0.13063940 -0.00019629 0.00647086 0.00025465 0.01223623 0.00020122
2017-04-29 21:44:51 -0.08510306 -0.00142503 -0.13485330 -0.00013867 0.00825837 0.00042686 0.00833695 0.00030628
2017-04-30 02:46:19 -0.11860410 -0.00166121 -0.14835709 -0.00085602 0.00542741 0.00023419 0.00445130 0.00022108
2017-04-30 13:29:34 -0.14117230 -0.00101361 -0.15065040 -0.00004686 0.00443967 0.00020864 0.00470247 0.00023548
2017-05-01 01:00:33 -0.12694369 -0.00146858 -0.15510599 -0.00022862 0.00702213 0.00015567 0.00501504 0.00012739
2017-05-02 09:27:14 -0.08281879 -0.00041449 -0.07227992 -0.00031037 0.01071739 0.00015994 0.00493798 0.00019542
2017-05-03 04:06:17 -0.10965210 -0.00116608 -0.15472390 0.00026766 0.00781642 0.00014946 0.00399718 0.00011692
2017-05-04 07:04:03 -0.05527447 -0.00102520 -0.06143327 -0.00001710 0.00643842 0.00017493 0.00493093 0.00028156
2017-05-05 07:16:17 -0.09038962 -0.00133942 -0.09930637 -0.00057852 0.00706100 0.00016842 0.00860858 0.00021944
2017-05-05 21:21:56 -0.09851757 -0.00022974 -0.12408690 -0.00011892 0.00544294 0.00014850 0.00520449 0.00021359
2017-05-07 09:54:57 -0.06204426 -0.00090087 -0.11959340 0.00042623 0.00703980 0.00023753 0.00621879 0.00035804
2017-05-07 22:51:00 -0.08269798 -0.00044248 -0.12682360 0.00011934 0.00490942 0.00012508 0.00507393 0.00009798
2017-05-08 10:52:18 -0.11752320 -0.00066597 -0.13415450 0.00042651 0.00530258 0.00012185 0.00710317 0.00012537
2017-05-08 20:32:34 -0.10405840 -0.00115020 -0.12761950 0.00018083 0.00601059 0.00023881 0.00830070 0.00032006
2017-05-09 05:04:02 -0.10520300 -0.00069396 -0.14945720 0.00117916 0.00437823 0.00015369 0.00715555 0.00019551
2017-05-09 13:31:16 -0.11020410 -0.00053304 -0.13040800 0.00007589 0.00424484 0.00012823 0.00823075 0.00012702
2017-05-09 22:08:11 -0.08883747 -0.00096803 -0.12725881 0.00006826 0.00402713 0.00013689 0.00351572 0.00021172
2017-05-10 11:07:24 -0.10720780 -0.00027567 -0.12378110 0.00018265 0.00661408 0.00022850 0.00448771 0.00014685
2017-05-10 21:00:52 -0.08060585 -0.00078201 -0.14208920 0.00027401 0.00435532 0.00019321 0.00592512 0.00021091
2017-05-11 06:56:21 -0.07202243 -0.00098511 -0.13808230 0.00016991 0.00810235 0.00019261 0.00411099 0.00013783
2017-05-12 14:56:40 -0.11141450 0.00009969 -0.12990481 -0.00067635 0.00889541 0.00044777 0.00821766 0.00037244
2017-05-18 03:13:14 -0.07052978 -0.00023715 -0.11142660 -0.00046761 0.00500308 0.00024073 0.00645461 0.00020794
2017-05-18 18:41:51 -0.05875274 -0.00047980 -0.11332920 -0.00086379 0.00777891 0.00037928 0.01093782 0.00024906
2017-05-19 02:00:34 -0.05854156 -0.00081224 -0.10580560 -0.00017487 0.00436315 0.00018764 0.00690448 0.00020571
2017-05-19 12:37:25 -0.07560844 -0.00094159 -0.15205801 0.00079919 0.01106849 0.00016820 0.00500451 0.00017881
2017-05-19 22:52:11 -0.06289518 -0.00055951 -0.13930400 -0.00054119 0.00563014 0.00016756 0.00497417 0.00028284
2017-05-20 11:54:20 -0.08047330 -0.00087445 -0.13621520 0.00013043 0.00572935 0.00012513 0.00622260 0.00012467
2017-05-20 22:23:42 -0.06722528 -0.00022876 -0.11482980 0.00001366 0.00535504 0.00013148 0.00475885 0.00017687
2017-05-21 12:12:43 -0.06582090 -0.00072426 -0.14220920 0.00001101 0.00469455 0.00021315 0.00568120 0.00016221
2017-05-21 22:52:04 -0.10146890 -0.00101316 -0.10904380 0.00021407 0.00606305 0.00028818 0.00926402 0.00018317
2017-05-22 08:01:50 -0.09450170 -0.00027526 -0.12586480 -0.00023745 0.00477577 0.00012683 0.00816881 0.00013454
2017-05-22 19:05:19 -0.04949674 -0.00118995 -0.10522520 -0.00047142 0.00591822 0.00012300 0.00614983 0.00014992
2017-05-23 15:09:56 -0.04521893 -0.00069993 -0.12098260 0.00068709 0.00728060 0.00017358 0.00411766 0.00015535
2017-05-24 01:30:41 -0.09032594 -0.00007294 -0.12854220 0.00049996 0.00522890 0.00012872 0.00695136 0.00016588
2017-05-26 01:17:28 -0.10390880 -0.00068285 -0.09662224 -0.00011129 0.00554524 0.00022919 0.00840636 0.00026011
2017-05-26 14:37:53 -0.10575990 -0.00023935 -0.12321290 -0.00040992 0.00499906 0.00021427 0.00749088 0.00026013
2017-05-26 23:51:49 -0.03809300 -0.00033725 -0.10574760 0.00045518 0.00428862 0.00020526 0.00710223 0.00018206
2017-05-27 17:14:35 -0.07090336 -0.00079038 -0.12013850 0.00009008 0.00414783 0.00012930 0.00849257 0.00012654
2017-05-28 03:03:23 -0.07924018 -0.00032064 -0.11025320 0.00050119 0.00444954 0.00010963 0.00594420 0.00014362
2017-05-28 13:54:25 -0.06523800 -0.00021652 -0.09646047 -0.00029547 0.00636315 0.00012056 0.00489766 0.00018028
2017-05-28 22:58:18 -0.08989750 -0.00091085 -0.13073771 0.00001099 0.00672888 0.00010858 0.00511912 0.00011309
2017-05-29 09:03:24 -0.08751900 -0.00093750 -0.12634510 0.00036171 0.00979992 0.00016174 0.00582479 0.00018594
2017-05-29 15:30:28 -0.09004999 -0.00074826 -0.12150510 -0.00046076 0.00482801 0.00023956 0.00907235 0.00015968
2017-06-01 00:00:00 0.00000000 0.00000000 0.00000000 0.00000000 0.00000000 0.00000000 0.00000000 0.00000000
2017-06-24 00:00:00 0.00149719 -0.00006538 -0.12752810 0.00016881 0.00806780 0.00015358 0.00718491 0.00016942
2017-06-25 12:02:35 0.00149719 -0.00006538 -0.12752810 0.00016881 0.00806780 0.00015358 0.00718491 0.00016942
2017-06-26 01:02:50 0.13202280 0.00161969 0.18355550 -0.00051225 0.01233650 0.00027456 0.01412238 0.00032390
2017-06-26 08:55:24 -0.00274803 -0.00011575 -0.11327060 0.00041331 0.00376396 0.00013412 0.00435048 0.00008564
2017-06-26 23:28:26 0.07939968 0.00039957 0.11430910 -0.00144933 0.00656511 0.00017226 0.00671657 0.00017707
2017-12-10 00:00:00 0.00000000 0.00000000 0.00000000 0.00000000 0.00000000 0.00000000 0.00000000 0.00000000
